$ANSIBLE_VAULT;1.1;AES256
65656237303263376139376164326165353433356165623133376361346537343863323638643730
3631346662323136336461386532363662646332373831640a626666616565396639653066363430
30303562646135353336633435643732653437303032333938303439623636666233613064653336
6431336264653961300a333534663730336430626135656638643636633938653261623061316263
33336431336233663164333530643361626330666133376262646536313136663261613266373336
35303632613238356464646461623031366166656533313564623164653735343035393636336234
62653062333532313534333463393466356433376264356138653439333233353232316137336538
38373562666130356435653066623863356532643732653036316465323865356461396466306161
61376465363330366633663132326237613064373362356561626162373635383832306430393130
30373764353863396665363233353566303165316336663564366631396434346233333630316435
32323136383366336437393631333239353065383839663034366435323031383062333436383165
61643962623831663437616461656230646638663139363233306436633232656335383163316233
35303365656130323564373533306365363964303161396538633635663635616464333434323738
34646461643662383831333034613161353338303535633434623865363430313630396539643936
64383862623233343133353939616630613238343266663930393131633637333238346538633439
30386264383738346330393362326536346132386630323733356264396536613162306434643733
32333534643837656439303662306566373262633930626137656333653335383865373332633361
61343933343134323564343762383062623662303939373833396439323337623139653431386133
64623264363231386266333235303166393530633564316332643736613061333737333430323763
66356365393563636237613437643835393865366136333965636438393464633031313038363062
31383531633839666266393863336536656461353435363333663338613866396163353631636165
35656234626535343532343935663331303234343664313064666333383565383062623761393763
62363062636563393236393039363936306331376231383832623232666161363063653133346433
65373335396266616162376238363433393531663334303866383037616434663334316363643935
32323231396563396466656562633236653963626630616166383437613035313235393636393665
39633430666430393537393931346161353866356265663439666564663236383030333363663565
61383333393933303030653464613935316236633933623365313161376465633461363761643063
32373237633661316135653636626161393637313534376131323030346534663338636539613539
32353130373936303835303635353965653862643464656137333835613533343761623663353839
63393137613661373866646231613938616462313161666635353534373663343138626632353435
61366462396137303135316334333664356434376465613464346138326237323137363462353635
32333233366234336564383530313334366330326262616332633331646361333539366639363339
61386136303432616663656166376436306131633930383634383437313363613366626436643766
64343633356464366533316362333362333761666430346334303033636164643166353030643133
36373730656462373064633864346365363132303761393133343937376266613330633136663461
66356662326461356562653431613732643835303630383737666137366236313534616562333461
32323135646632643966343963636562633131316162326136643235373831313236626465616336
35366565323738316330323337306633656366663463643363613939366664363961326564626662
32656465313630643661316539383063353034383363623635373631376261336663366364363038
34333235393635346335316531653136346466343565343264373734323761346537346663653965
66333164373236383461656263313938663861623766336635656165393735356535386131343964
36643037303831663264633066373638336637313166356539633266626464663865653335653062
39393239616361396133353335363764346462336330636266653764663935376436663261663262
65643837313263643265613664643931383536306438653264323630303739333839393531316137
36616135663563333330316463313265326535663263656634303735653066636236306135623132
65636337353337373630383530633062363264623661616630653436613965366130306263373138
37626266333030376338663736363132633531376463663366336436323738623838343036316265
37616538303331376438323964323766363734656162383466303333663234306363303332383765
66656463316533393862636365333962373631663565356431663138666363386532303063623563
34663965626364653236343633366631316665363662363038326137383736633831313562356536
65313930333165393133336632623737346466333765333435636534386161383065313762346564
62383736633665306239653766343733323339343730333639643137353730326466303531393463
32386563373432383266333536343535663836666364386666653333363332656331336536323537
34346165336264386133643837376439383365626338616563373765343736396331363138303061
39356563333738623736613435333032373930633863373332646434383164616134303339353762
61626630373662623539643834396662303763646363633661613031313336313338383738356536
65633134353532373434626232643438666339646532313561353038333565303836396563336466
34633065373035346365383639646264386662303936386666386539633337663535636331393565
65653336643237326637326334343533393434346437303630393662343032333330666161653831
31646438396234356164613131303438656233366461373661643263613831366663643261643338
61366537356335396662353762313733356239646635333666366164653431306437336630343934
30646636653530356565656436613966336666653030653261333533343933396431646538313063
31386665646531646462626563383662313461626132336539646634363638396565333763396331
62653532623961333435366166313037396266623639643437663539663235643636373466313563
32326363383335616435326635353063633132623438356236656165363562343430663537633766
37653733613336383030326438633731323265393138383662386437626231323735383234663330
66616330383130323435636533633930373866636531343936623363633036356434633232663238
61643164626432623435386336326534383934623264626261336364306537636466613539383137
62376435633033636630363234363132383432333137376261376235613963343965616462303162
61353538393463303236373965316635323962363461653366623830393039623437623261656161
66326362633461336461346663393734636339613664653135636638656337323938653262303330
39653962393831316362666437616466393037363939393065643837646465663032373631303837
65613061356239613266613364623434623935343662366364303462383763376265663034663762
66663934633666396337653530313961653066636663336439313830383438306134636338393563
30623538623636306562373862323534343137336665653966653761366538366638373638653763
32613562343762356339643866616262326530643738313236396565623035366562303861626664
62306265306239623066663331383064343532353064613435313434633239363939323263393338
31343464613231616437313064386161623865316339336632383234393664623830353837323132
33613339386462353939613963383531616436356239643833343234636238363636336336386438
65653134633338326135356565326265653266613131373566366366323235666531313837633138
39323238366335366365366335386464336436323539343832623466383663626364303065323631
64323233326533653766376563633739623838376131326435333637303132633539633837313865
63303830336534306437356562623933393236303236616163383034656139346533616661636133
39316336343165623865636265343966353435393437643435663332663330326636333634353332
61356135363237383465323436623664306166653931646366396534353637623034636639306338
36643766323233386364643765313837623437633335646463383365343534346561656336613964
37316562633231666637623937356536376439646333353136333932346661616532383139626130
38666235303734653837
